ttnn: [[0.8244975209236145, -0.6874265670776367, 0.9556989669799805, 0.0314192958176136, 0.4654198884963989, 0.40637922286987305, -0.6356365084648132, 0.0825188085436821, -0.17850302159786224, -0.7340375781059265, -0.18886104226112366, 1.6255168914794922, -3.2510337829589844, -0.42191624641418457, 0.30469810962677, 0.7112499475479126]], [[0.3359447717666626, -1.1545727252960205, -0.32455095648765564, 0.7899708151817322, -0.050063710659742355, 0.3659830093383789, 0.40568870306015015, 0.763730525970459, -0.23460890352725983, 0.3715072572231293, -0.20025484263896942, -0.204398050904274, 0.582810640335083, -0.17487771809101105, 0.0025895023718476295, -2.282905340194702]]
pywt: [0.8253366864954554, -0.6878170180950031, 0.9558177597794231, 0.031229278244198078, 0.4657746965290548, 0.40668201976733176, -0.6359464079000618, 0.08253838250481627, -0.17871038024789757, -0.7347551534098351, -0.18912329219373303, 1.6269028885872134, -3.25281544975032, -0.4221162344319436, 0.3047382234108984, 0.7112207230363232], [-0.3366068351356865, 1.155125612744461, 0.3245487856437477, -0.790595826050826, 0.04980853062415083, -0.36648690062549105, -0.40555695000279096, -0.7643580531788364, 0.2348859233745015, -0.37103039858950365, 0.20063807431006442, 0.20317970831099108, -0.5813472978004137, 0.17495117152321454, -0.0026013988423213286, 2.2838555672762206]